2 0 0
1 0 0 
3 0 0
4 0 0
5 0 0
6 0 0
7 0 0
8 0 0
9 0 0
10 0 0
11 0 0
12 0 0
13 0 0
14 0 0
15 0 0
16 0 0
17 0 0
18 0 0
19 0 0
20 0 0
21 0 0
22 0 0
23 0 0
24 0 0
25 0 0
26 0 0
27 0 0
28 0 0
29 0 0
30 0 0
31 0 0
32 0 0
33 0 0
34 0 0
35 0 0
36 0 0
37 0 0
38 0 0
39 0 0
40 0 0
41 0 0
42 0 0
43 0 0
44 0 0
45 0 0
46 0 0
47 0 0
48 0 0
49 0 0
50 0 0
51 0 0
52 0 0
53 0 0
54 0 0
55 0 0
56 0 0
57 0 0
58 0 0
59 0 0
60 0 0
61 0 0
62 0 0
63 0 0
64 0 0
65 0 0
66 0 0
67 0 0
68 0 0
69 0 0
70 0 0
71 0 0
72 0 0
73 0 0
74 0 0
75 0 0
76 0 0
77 0 0
78 0 0
79 0 0
80 0 0
81 0 0
82 0 0
83 0 0
84 0 0
85 0 0
86 0 0
87 0 0
88 0 0
89 0 0
90 0 0
91 0 0
92 0 0
93 0 0
94 0 0
95 0 0
96 0 0
97 0 0
98 0 0
99 0 0
100 0 0
101 0 0
102 0 0
103 0 0
104 0 0
105 0 0
106 0 0
107 0 0
108 0 0
109 0 0
110 0 0
111 0 0
112 0 0
113 0 0
114 0 0
115 0 0
116 0 0
117 0 0
118 0 0
119 0 0
120 0 0
121 0 0
122 0 0
123 0 0
124 0 0
125 0 0
126 0 0
127 0 0
128 0 0
129 0 0
130 0 0
131 0 0
132 0 0
133 0 0
134 0 0
135 0 0
136 0 0
137 0 0
138 0 0
139 0 0
140 0 0
141 0 0
142 0 0
143 0 0
144 0 0
145 0 0
146 0 0
147 0 0
148 0 0
149 0 0
150 0 0
151 0 0
152 0 0
153 0 0
154 0 0
155 0 0
156 0 0
157 0 0
158 0 0
159 0 0
160 0 0
161 0 0
162 0 0
163 0 0
164 0 0
165 0 0
166 0 0
167 0 0
168 0 0
169 0 0
170 0 0
171 0 0
172 0 0
173 0 0
174 0 0
175 0 0
176 0 0
177 0 0
178 0 0
179 0 0
180 0 0
181 0 0
182 0 0
183 0 0
184 0 0
185 0 0
186 0 0
187 0 0
188 0 0
189 0 0
190 0 0
191 0 0
192 0 0
193 0 0
194 0 0
195 0 0
196 0 0
197 0 0
198 0 0
199 0 0
200 0 0
201 143 172
202 143 56
203 185 22
204 93 26
205 151 192
206 171 184
207 193 18
208 185 94
209 1 148
210 3 66
211 169 180
212 109 40
213 119 170
214 139 80
215 59 174
216 163 38
217 73 36
218 39 24
219 49 90
220 179 96
221 105 12
222 9 20
223 53 132
224 119 146
225 45 10
226 169 124
227 7 52
228 81 30
229 7 120
230 117 140
231 123 60
232 23 186
233 73 200
234 149 44
235 13 42
236 49 104
237 103 70
238 69 160
239 175 14
240 85 98
241 193 88
242 123 78
243 137 194
244 149 166
245 99 102
246 69 46
247 9 108
248 3 136
249 151 152
250 45 134
251 189 72
252 137 116
253 81 32
254 87 162
255 5 142
256 191 138
257 45 68
258 103 128
259 163 28
260 81 16
261 73 110
262 13 118
263 189 76
264 131 130
265 39 58
266 37 50
267 171 100
268 23 84
269 15 92
270 67 4
271 179 64
272 57 86
273 169 196
274 87 6
275 67 48
276 131 178
277 103 54
278 177 34
279 13 154
280 139 114
281 175 176
282 85 158
283 169 82
284 189 190
285 189 164
286 5 62
287 43 182
288 67 122
289 119 150
290 171 144
291 177 156
292 191 106
293 127 74
294 99 112
295 185 8
296 163 2
297 131 188
298 15 168
299 177 198
300 137 126
301 157 172
302 1 56
303 43 22
304 3 26
305 77 192
306 181 184
307 77 18
308 5 94
309 53 148
310 77 66
311 181 180
312 127 40
313 99 170
314 69 80
315 85 174
316 67 38
317 93 36
318 157 24
319 193 90
320 1 96
321 9 12
322 15 20
323 23 132
324 87 146
325 177 10
326 43 124
327 117 52
328 93 30
329 81 120
330 157 140
331 109 60
332 131 186
333 39 200
334 151 44
335 45 42
336 157 104
337 59 70
338 175 160
339 3 14
340 127 98
341 123 88
342 53 78
343 185 194
344 7 166
345 175 102
346 127 46
347 37 108
348 59 136
349 109 152
350 37 134
351 57 72
352 117 116
353 49 32
354 23 162
355 5 142
356 119 138
357 105 68
358 87 128
359 191 28
360 15 16
361 143 110
362 179 118
363 59 76
364 69 130
365 139 58
366 57 50
367 181 100
368 105 84
369 7 92
370 103 4
371 49 64
372 191 86
373 123 196
374 149 6
375 143 48
376 181 178
377 1 54
378 193 34
379 73 154
380 105 114
381 117 176
382 37 158
383 57 82
384 85 190
385 39 164
386 151 62
387 137 182
388 43 122
389 171 150
390 77 144
391 9 156
392 139 106
393 13 74
394 163 112
395 93 8
396 109 2
397 53 188
398 149 168
399 99 198
400 179 126
401 317 374
402 383 400
403 297 304
404 377 208
405 293 214
406 277 320
407 245 366
408 367 370
409 271 338
410 269 240
411 291 266
412 213 204
413 341 330
414 229 284
415 209 316
416 393 378
417 293 346
418 277 368
419 385 336
420 275 302
421 345 342
422 261 218
423 283 348
424 315 314
425 319 340
426 251 310
427 305 382
428 323 256
429 277 318
430 303 396
431 259 372
432 367 254
433 217 364
434 211 334
435 315 260
436 259 232
437 391 312
438 297 390
439 273 216
440 345 358
441 393 286
442 283 264
443 229 394
444 245 252
445 377 222
446 303 282
447 261 328
448 229 294
449 319 398
450 325 270
451 299 226
452 217 326
453 305 288
454 213 242
455 321 324
456 233 362
457 239 384
458 317 376
459 319 230
460 385 206
461 245 228
462 251 262
463 297 360
464 357 202
465 307 296
466 273 234
467 393 356
468 345 224
469 239 248
470 291 354
471 323 300
472 205 250
473 217 386
474 249 298
475 273 274
476 263 258
477 241 236
478 397 278
479 283 244
480 339 238
481 291 292
482 239 290
483 391 268
484 225 210
485 307 380
486 251 306
487 275 276
488 245 344
489 205 392
490 205 246
491 325 352
492 273 280
493 323 272
494 293 322
495 283 388
496 317 220
497 213 350
498 249 308
499 299 212
500 261 332
501 383 374
502 225 400
503 391 304
504 345 208
505 233 214
506 209 320
507 249 366
508 317 370
509 229 338
510 357 240
511 341 266
512 249 204
513 329 330
514 267 284
515 383 316
516 275 378
517 263 346
518 377 368
519 329 336
520 333 302
521 225 342
522 367 218
523 357 348
524 271 314
525 233 340
526 247 310
527 305 382
528 325 256
529 393 318
530 259 396
531 233 372
532 269 254
533 211 364
534 339 334
535 267 260
536 333 232
537 239 312
538 247 390
539 261 216
540 307 358
541 271 286
542 391 264
543 319 394
544 267 252
545 367 222
546 397 282
547 357 328
548 259 294
549 339 398
550 241 270
551 271 226
552 209 326
553 341 288
554 323 242
555 305 324
556 385 362
557 315 384
558 209 376
559 321 230
560 339 206
561 247 228
562 277 262
563 241 360
564 329 202
565 211 296
566 213 234
567 269 356
568 385 224
569 241 248
570 303 354
571 275 300
572 269 250
573 217 386
574 293 298
575 329 274
576 251 258
577 325 236
578 321 278
579 303 244
580 341 238
581 205 292
582 267 290
583 307 268
584 299 210
585 333 380
586 225 306
587 263 276
588 333 344
589 299 392
590 297 246
591 397 352
592 247 280
593 377 272
594 315 322
595 211 388
596 397 220
597 321 350
598 383 308
599 263 212
600 291 332
601 465 568
602 453 560
603 523 564
604 539 486
605 495 426
606 553 562
607 437 458
608 509 550
609 497 404
610 453 542
611 517 544
612 595 538
613 561 472
614 483 476
615 423 454
616 595 468
617 417 518
618 509 594
619 429 506
620 439 452
621 489 526
622 417 582
623 487 412
624 415 466
625 445 440
626 515 584
627 489 578
628 565 450
629 575 456
630 513 556
631 487 524
632 561 554
633 467 402
634 439 474
635 523 552
636 407 520
637 445 424
638 467 532
639 503 540
640 503 416
641 521 546
642 429 572
643 481 478
644 495 516
645 465 484
646 553 460
647 569 548
648 585 496
649 575 448
650 543 442
651 529 588
652 447 498
653 497 414
654 595 492
655 433 462
656 413 566
657 429 574
658 427 528
659 569 438
660 505 514
661 597 508
662 447 600
663 481 430
664 461 596
665 481 490
666 495 590
667 419 464
668 507 418
669 521 522
670 553 406
671 419 446
672 495 420
673 479 444
674 507 422
675 461 436
676 419 592
677 437 428
678 595 530
679 539 534
680 423 470
681 515 510
682 487 408
683 521 598
684 415 558
685 469 580
686 551 432
687 467 586
688 517 500
689 523 502
690 427 504
691 585 488
692 551 410
693 469 576
694 543 536
695 497 494
696 445 434
697 517 570
698 565 480
699 433 482
700 437 512
701 507 568
702 597 560
703 481 564
704 483 486
705 533 426
706 483 562
707 413 458
708 543 550
709 505 404
710 467 542
711 581 544
712 469 538
713 585 472
714 569 476
715 503 454
716 513 468
717 489 518
718 465 594
719 597 506
720 459 452
721 515 526
722 565 582
723 427 412
724 575 466
725 469 440
726 439 584
727 529 578
728 543 450
729 415 456
730 581 556
731 423 524
732 509 554
733 433 402
734 529 474
735 505 552
736 529 520
737 539 424
738 437 532
739 419 540
740 479 416
741 445 546
742 513 572
743 407 478
744 407 516
745 561 484
746 521 460
747 565 548
748 413 496
749 415 448
750 417 442
751 423 588
752 597 498
753 427 414
754 551 492
755 575 462
756 539 566
757 553 574
758 585 528
759 587 438
760 507 514
761 587 508
762 587 600
763 461 430
764 429 596
765 459 490
766 533 590
767 417 464
768 461 418
769 581 522
770 517 406
771 551 446
772 447 420
773 453 444
774 505 422
775 533 436
776 459 592
777 509 428
778 453 530
779 479 534
780 587 470
781 459 510
782 465 408
783 447 598
784 523 558
785 489 580
786 513 432
787 413 586
788 433 500
789 497 502
790 533 504
791 407 488
792 503 410
793 479 576
794 569 536
795 561 494
796 439 434
797 515 570
798 487 480
799 483 482
800 581 512
801 657 768
802 735 684
803 703 646
804 609 766
805 629 764
806 763 694
807 715 620
808 733 638
809 723 682
810 713 800
811 633 798
812 675 776
813 745 760
814 657 652
815 717 686
816 615 786
817 635 656
818 735 670
819 777 712
820 771 706
821 749 714
822 797 642
823 615 674
824 729 740
825 695 780
826 603 730
827 719 790
828 773 758
829 737 672
830 655 664
831 633 788
832 757 678
833 717 762
834 703 604
835 633 654
836 643 784
837 763 632
838 629 772
839 791 618
840 615 754
841 749 614
842 663 756
843 795 750
844 697 692
845 635 792
846 703 622
847 609 778
848 705 650
849 797 704
850 701 602
851 643 628
852 705 696
853 607 748
854 733 752
855 735 676
856 627 688
857 613 770
858 635 728
859 743 724
860 643 716
861 663 630
862 767 708
863 701 626
864 635 794
865 739 702
866 665 746
867 639 690
868 643 636
869 607 710
870 609 732
871 685 624
872 755 680
873 717 744
874 737 726
875 755 698
876 795 734
877 685 660
878 767 774
879 729 616
880 781 668
881 629 742
882 733 718
883 739 606
884 609 644
885 741 640
886 683 782
887 603 634
888 613 722
889 621 658
890 629 662
891 771 720
892 607 796
893 665 736
894 763 666
895 663 612
896 663 608
897 621 648
898 763 738
899 627 610
900 639 700
901 771 768
902 675 684
903 741 646
904 621 766
905 671 764
906 719 694
907 719 620
908 697 638
909 621 682
910 791 800
911 695 798
912 655 776
913 713 760
914 703 652
915 697 686
916 713 786
917 749 656
918 791 670
919 729 712
920 735 706
921 685 714
922 671 642
923 723 674
924 745 740
925 755 780
926 795 730
927 701 790
928 719 758
929 771 672
930 773 664
931 739 788
932 795 678
933 655 762
934 723 604
935 757 654
936 655 784
937 671 632
938 797 772
939 791 618
940 723 754
941 607 614
942 739 756
943 627 750
944 757 692
945 683 792
946 777 622
947 743 778
948 613 650
949 675 704
950 737 602
951 781 628
952 695 696
953 665 748
954 781 752
955 713 676
956 701 688
957 633 770
958 729 728
959 665 724
960 675 716
961 757 630
962 695 708
963 767 626
964 743 794
965 697 702
966 773 746
967 615 690
968 797 636
969 603 710
970 683 732
971 767 624
972 741 680
973 745 744
974 657 726
975 743 698
976 717 734
977 627 660
978 745 774
979 777 616
980 603 668
981 741 742
982 733 718
983 705 606
984 657 644
985 705 640
986 639 782
987 613 634
988 715 722
989 639 658
990 685 662
991 737 720
992 777 796
993 671 736
994 715 666
995 755 612
996 715 608
997 781 648
998 773 738
999 683 610
1000 749 700
